33,727
33,726
33,725
33,724
33,723
33,722
33,721
33,720
33,719
33,718
33,717
33,716
33,715
33,714
33,713
33,712
33,711
33,710
33,709
33,708
33,707
33,706
33,705
33,704
53,3
53,2
53,1
53,0
52,4
52,3
52,2
52,1
52,0
14,6
51,5
51,4
51,3
51,2
51,1
51,0
50,4
50,3
50,2
50,1
50,0
49,4
49,3
49,2
49,1
49,0
48,10
48,9
48,8
48,7
48,6
48,5
48,4
48,3
48,2
48,1
48,0
35,518
33,498
33,497
33,496
33,495
33,494
33,493
33,492
33,491
33,490
33,489
33,488
33,487
0,304
0,443
0,442
0,437
35,517
0,436
0,435
33,486
33,485
0,434
33,484
33,483
33,482
33,481
0,433
0,431
0,429
0,426
34,91
34,90
34,89
34,88
34,87
34,86
0,419
34,85
34,84
34,83
34,82
34,81
34,80
34,79
34,78
34,77
34,76
0,418
0,417
34,75
34,74
34,73
0,416
35,516
35,483
34,72
34,71
34,70
34,69
34,68
34,67
34,66
34,65
34,64
34,18
34,17
34,16
0,415
0,413
0,409
0,408
34,41
0,407
0,405
0,404
35,515
0,399
35,514
35,513
0,392
34,40
35,512
0,387
34,39
0,386
35,482
35,481
35,480
35,479
35,478
35,477
0,384
34,15
34,14
34,13
34,12
34,38
0,469
0,468
35,476
35,475
35,474
35,473
34,11
34,10
34,37
0,464
0,462
35,472
35,471
35,470
47,35
33,630
33,629
33,628
33,627
33,626
33,625
33,624
33,623
33,622
33,621
33,620
33,619
33,618
33,617
33,616
33,615
33,614
33,613
33,612
33,611
33,610
33,609
33,608
33,607
33,606
33,605
33,604
33,603
33,602
33,601
33,600
33,599
33,598
33,597
33,596
33,595
33,594
33,593
33,592
33,591
33,590
33,589
33,588
33,587
33,586
33,585
33,584
33,583
33,582
33,581
33,580
33,579
33,578
33,577
33,576
33,548
33,547
33,546
33,545
33,544
33,543
33,542
33,541
33,540
33,539
33,538
33,537
33,536
33,535
33,534
33,533
33,532
33,531
33,530
33,453
33,452
33,451
33,450
33,449
33,448
33,447
33,446
33,445
33,444
33,443
33,430
33,429
33,428
33,427
33,299
33,298
33,297
33,296
33,295
33,294
33,293
33,292
33,291
33,290
33,289
33,288
33,287
33,286
33,285
33,284
33,283
33,282
33,281
33,280
33,279
33,278
33,277
33,276
33,275
33,274
33,273
33,272
33,271
33,270
33,269
33,268
33,267
33,266
33,265
33,264
33,263
33,262
33,261
33,260
33,259
33,258
33,257
33,256
33,187
33,84
33,83
33,82
33,81
33,80
33,79
33,78
33,77
33,76
33,75
33,74
33,73
33,72
33,71
33,70
33,69
33,68
33,67
33,66
33,65
33,64
18,3
18,1
14,4
14,3
14,1
13,3
13,1
2,3
2,2
2,1
0,557
0,540
0,529
0,461
0,441
0,423
0,421
0,410
0,393
0,389
0,0
47,34
47,33
47,32
47,31
47,30
47,29
47,28
47,27
47,26
47,25
47,24
47,23
47,22
47,21
47,20
47,19
47,18
47,17
47,16
47,15
47,14
47,13
47,12
47,11
47,10
47,9
47,8
47,7
47,6
47,5
47,4
47,3
47,2
47,0
0,276
0,275
0,272
0,271
0,12
0,317
0,10
0,8
0,510
0,385
0,268
0,509
0,569
0,267
0,508
0,406
0,266
0,507
0,455
0,265
0,517
0,544
0,264
0,506
0,452
0,263
0,505
0,447
0,262
0,504
0,456
0,261
0,535
0,400
0,260
0,503
0,414
0,259
0,516
0,546
0,258
0,502
0,403
0,257
0,528
0,564
0,256
0,524
0,554
0,255
0,523
0,428
0,254
0,522
0,467
0,253
0,501
0,412
0,252
0,500
0,471
0,251
0,521
0,550
0,250
0,538
0,411
0,249
0,520
0,398
0,248
0,527
0,422
0,247
0,499
0,314
0,246
0,498
0,572
0,245
0,497
0,444
0,244
0,496
0,575
0,242
0,495
0,466
0,241
0,494
0,547
0,240
0,493
0,420
33,631
33,632
33,634
33,635
33,637
33,638
33,671
33,673
33,674
33,676
33,677
33,679
33,681
33,682
33,684
33,685
33,687
33,688
33,690
33,692
33,693
33,695
33,696
33,698
33,700
33,701
33,703
33,960
33,962
33,963
33,965
33,967
33,968
33,970
33,971
33,973
33,975
33,976
33,978
33,979
33,981
33,982
33,984
33,1323
33,1324
33,1326
33,1327
33,1329
33,1331
33,1332
33,1416
33,1417
33,1419
33,1421
33,1422
33,1424
33,1425
